eval_loss = 0.8998937879447185
fn = 72
fp = 47
mcc = 0.7627044026911401
pearson_corr = 0.76270440269114
spearman_corr = 0.7627044026911401
tn = 461
tp = 420
